3
4
1
111-11-1111
John Doe
616-331-1000
1
222-22-2222
Erin Hayes
616-331-2000
3
1
111-11-1111
Jag Nandigam
616-331-3000
3
2
111-11-1111
1000.00
c
2
111-11-1111
2000.00
s
3.0
2
222-22-2222
2000.00
c
2
222-22-2222
4000.00
s
2.5
3
4
2
333-33-3333
500
c
4
5
111-11-1111
5
222-22-2222
5
333-33-3333
6
111111
6
111112
6
111113
6
111114
6
111116
7
111111
500.00
8
111111
100.00
8
111111
100.00
4
7
111114
1000.00
8
111114
200.00
8
111114
300.00
4
7
111115
50.00
7
111111
0
7
111111
-50
7
111115
-50
8
111115
100.00
8
111113
0
8
111113
-25.00
8
111115
-25.00
4
9
111111
9
111112
9
111113
9
111114
9
111115
6
111115
6
111111
6
111112
6
111113
6
111114
4
11
4
10
111111
111112
100.00
10
111114
111113
200.00
4
10
111115
111116
100.00
4
6
111111
6
111112
6
111113
6
111114
4
11
4
11
4
5
111-11-1111
5
222-22-2222
12
